FPT
MBAX
MST
PDG
PREB
SPRIME
TYCN
